0	1		1	1
0.0693147	0.965936	0.965343	0.966504
0.138629	0.933033	0.931886	0.934129
0.207944	0.90125	0.89959	0.902839
0.277259	0.870551	0.868412	0.872597
0.346574	0.840896	0.838315	0.843368
0.415888	0.812252	0.809262	0.815118
0.485203	0.784584	0.781215	0.787815
0.554518	0.757858	0.75414	0.761426
0.623832	0.732043	0.728003	0.735921
0.693147	0.707107	0.702773	0.71127
0.762462	0.68302	0.678416	0.687445
0.831777	0.659754	0.654904	0.664418
0.901091	0.63728	0.632207	0.642162
0.970406	0.615572	0.610296	0.620652
1.03972	0.594604	0.589145	0.599863
1.10904	0.574349	0.568727	0.579769
1.17835	0.554785	0.549016	0.560349
1.24766	0.535887	0.529989	0.541579
1.31698	0.517632	0.511621	0.523438
1.38629	0.5	0.49389	0.505905
1.45561	0.482968	0.476773	0.488959
1.52492	0.466516	0.460249	0.472581
1.59424	0.450625	0.444298	0.456751
1.66355	0.435275	0.4289	0.441451
1.73287	0.420448	0.414035	0.426664
1.80218	0.406126	0.399686	0.412372
1.8715	0.392292	0.385834	0.398559
1.94081	0.378929	0.372462	0.385209
2.01013	0.366021	0.359553	0.372306
2.07944	0.353553	0.347092	0.359835
2.14876	0.34151	0.335063	0.347782
2.21807	0.329877	0.32345	0.336132
2.28739	0.31864	0.31224	0.324873
2.3567	0.307786	0.301419	0.313991
2.42602	0.297302	0.290973	0.303473
2.49533	0.287175	0.280888	0.293308
2.56464	0.277392	0.271153	0.283483
2.63396	0.267943	0.261756	0.273988
2.70327	0.258816	0.252684	0.26481
2.77259	0.25	0.243927	0.25594
2.8419	0.241484	0.235473	0.247367
2.91122	0.233258	0.227312	0.239081
2.98053	0.225313	0.219434	0.231073
3.04985	0.217638	0.211829	0.223332
3.11916	0.210224	0.204488	0.215852
3.18848	0.203063	0.197401	0.208621
3.25779	0.196146	0.190559	0.201633
3.32711	0.189465	0.183955	0.194879
3.39642	0.183011	0.17758	0.188351
3.46574	0.176777	0.171425	0.182042
3.53505	0.170755	0.165484	0.175945
3.60437	0.164938	0.159749	0.170051
3.67368	0.15932	0.154212	0.164355
3.74299	0.153893	0.148868	0.15885
3.81231	0.148651	0.143708	0.153529
3.88162	0.143587	0.138728	0.148386
3.95094	0.138696	0.13392	0.143416
4.02025	0.133972	0.129279	0.138612
4.08957	0.129408	0.124798	0.133969
4.15888	0.125	0.120473	0.129481
4.2282	0.120742	0.116298	0.125144
4.29751	0.116629	0.112267	0.120952
4.36683	0.112656	0.108376	0.116901
4.43614	0.108819	0.10462	0.112985
4.50546	0.105112	0.100994	0.1092
4.57477	0.101532	0.0974941	0.105543
4.64409	0.098073	0.0941152	0.102007
4.7134	0.0947323	0.0908534	0.0985904
4.78272	0.0915054	0.0877047	0.0952879
4.85203	0.0883883	0.0846651	0.0920961
4.92134	0.0853775	0.0817308	0.0890112
4.99066	0.0824692	0.0788982	0.0860297
5.05997	0.07966	0.0761638	0.083148
5.12929	0.0769465	0.0735242	0.0803628
5.1986	0.0743254	0.070976	0.077671
5.26792	0.0717936	0.0685162	0.0750693
5.33723	0.0693481	0.0661416	0.0725547
5.40655	0.0669858	0.0638493	0.0701244
5.47586	0.0647041	0.0616365	0.0677755
5.54518	0.0625	0.0595003	0.0655052
5.61449	0.060371	0.0574382	0.063311
5.68381	0.0583146	0.0554475	0.0611903
5.75312	0.0563282	0.0535259	0.0591407
5.82244	0.0544094	0.0516708	0.0571597
5.89175	0.052556	0.04988	0.055245
5.96107	0.0507658	0.0481513	0.0533945
6.03038	0.0490365	0.0464825	0.051606
6.0997	0.0473661	0.0448716	0.0498774
6.16901	0.0457527	0.0433164	0.0482067
6.23832	0.0441942	0.0418152	0.0465919
6.30764	0.0426888	0.040366	0.0450312
6.37695	0.0412346	0.038967	0.0435228
6.44627	0.03983	0.0376165	0.042065
6.51558	0.0384733	0.0363128	0.040656
6.5849	0.0371627	0.0350543	0.0392941
6.65421	0.0358968	0.0338394	0.0379779
6.72353	0.034674	0.0326666	0.0367058
6.79284	0.0334929	0.0315345	0.0354763
6.86216	0.032352	0.0304416	0.0342879
6.93147	0.03125	0.0293866	0.0331394
